{
  "experiment": "23_1_dk_collision_geometry_scan",
  "description": "Minimal 10-run Dirac-Kaehler collision geometry scan for Phase III focused opener.",
  "fixed_parameters": {
    "epsilon": 0.2,
    "resolution": 12,
    "graph_type": "regular_lattice",
    "boundary_type": "periodic",
    "width_class": "baseline_coherent_width",
    "bandwidth": 0.08,
    "amplitude": 0.5,
    "t_final": 0.6,
    "dt_scale": 0.35,
    "kick_cycles": 1.0
  },
  "runs": [
    {
      "config": {
        "resolution": 12,
        "epsilon": 0.2,
        "bandwidth": 0.08,
        "amplitude": 0.5,
        "t_final": 0.6,
        "dt": 0.12528656129226287,
        "steps": 5,
        "kick_cycles": 1.0
      },
      "geometry": {
        "geometry_id": "head_on_symmetric_pair",
        "packet_count": 2,
        "packet_centers": [
          [
            0.3,
            0.5
          ],
          [
            0.7,
            0.5
          ]
        ],
        "kick_vectors": [
          [
            1.0,
            0.0
          ],
          [
            -1.0,
            0.0
          ]
        ],
        "notes": "two identical packets launched directly toward each other"
      },
      "run": {
        "run_id": "S23_1_head_on_in_phase",
        "geometry_id": "head_on_symmetric_pair",
        "phase_id": "in_phase",
        "phase_offset_rad": 0.0,
        "resolution": 12,
        "graph_type": "regular_lattice",
        "notes": "head-on symmetric pair / in phase"
      },
      "metrics": {
        "run_id": "S23_1_head_on_in_phase",
        "geometry_id": "head_on_symmetric_pair",
        "phase_id": "in_phase",
        "resolution": 12,
        "graph_type": "regular_lattice",
        "packet_count": 2,
        "collision_label": "deflective / glancing",
        "persistence_label": "no persistence gain",
        "composite_lifetime": 0.0,
        "binding_persistence": 0.0,
        "corridor_dwell": 0.0,
        "coarse_basin_persistence": 1.0,
        "minimum_separation": 0.39996867074534204,
        "final_mean_separation": 0.39996867074534204,
        "post_collision_separation_trend": 0.0,
        "encounter_dwell_time": 0.0,
        "deflection_angle_proxy": 1.4672008927739628,
        "reflection_fraction": 0.5,
        "grade_transfer_amplitude": 0.1596988739746443,
        "omega0_weight_initial": 0.3333436695178377,
        "omega1_weight_initial": 0.6666563304821623,
        "omega2_weight_initial": 0.0,
        "omega0_weight_final": 0.33331827887835885,
        "omega1_weight_final": 0.5537448712074517,
        "omega2_weight_final": 0.11293684991418931,
        "localized_circulation_proxy": 2.731128558552134e-13,
        "new_collision_class": 1,
        "gate_met": 0,
        "promoted_followup": 0,
        "notes": "two identical packets launched directly toward each other"
      },
      "times": [
        0.0,
        0.12528656129226287,
        0.25057312258452574,
        0.3758596838767886,
        0.5011462451690515,
        0.6264328064613144
      ],
      "mean_pair_distances": [
        0.3999696941574251,
        0.39996965217877206,
        0.39996952677118564,
        0.3999693195117009,
        0.39996903299345543,
        0.39996867074534204
      ],
      "minimum_pair_distances": [
        0.3999696941574251,
        0.39996965217877206,
        0.39996952677118564,
        0.3999693195117009,
        0.39996903299345543,
        0.39996867074534204
      ],
      "total_grade_weights": [
        [
          0.3333436695178377,
          0.6666563304821623,
          0.0
        ],
        [
          0.33334139232319393,
          0.660880260277837,
          0.005778347398968925
        ],
        [
          0.33333537276224956,
          0.6442540090195219,
          0.022410618218228477
        ],
        [
          0.33332776045614,
          0.6187748360192584,
          0.0478974035246015
        ],
        [
          0.33332128310458115,
          0.5874292515434456,
          0.07924946535197319
        ],
        [
          0.33331827887835885,
          0.5537448712074517,
          0.11293684991418931
        ]
      ],
      "total_centers": [
        [
          0.5,
          0.5
        ],
        [
          0.5000027155124784,
          0.5
        ],
        [
          0.5000053820668657,
          0.5
        ],
        [
          0.5000079668833391,
          0.5
        ],
        [
          0.5000104653218842,
          0.5
        ],
        [
          0.5000129054914502,
          0.5
        ]
      ],
      "per_packet_centers": [
        [
          [
            0.30001515292128733,
            0.5
          ],
          [
            0.3000156905279585,
            0.5000001847590088
          ],
          [
            0.30001626003578696,
            0.500000699822542
          ],
          [
            0.30001685351073815,
            0.5000014355997608
          ],
          [
            0.3000174672929379,
            0.5000022348741346
          ],
          [
            0.30001810315277133,
            0.5000029261552188
          ]
        ],
        [
          [
            0.6999848470787124,
            0.5
          ],
          [
            0.6999853427065599,
            0.49999981524099124
          ],
          [
            0.6999857868045236,
            0.49999930017745786
          ],
          [
            0.6999861730121335,
            0.49999856440023915
          ],
          [
            0.6999865002614181,
            0.49999776512586536
          ],
          [
            0.6999867738552981,
            0.499997073844781
          ]
        ]
      ],
      "per_packet_grade_weights": [
        [
          [
            0.3333428330881552,
            0.6666571669118448,
            0.0
          ],
          [
            0.37253958677472215,
            0.6216115463347499,
            0.005848866890527973
          ],
          [
            0.40728444191156404,
            0.5700149812967266,
            0.022700576791709483
          ],
          [
            0.4337942639773282,
            0.5176274627209928,
            0.04857827330167889
          ],
          [
            0.44949649532583674,
            0.4699767717342016,
            0.08052673293996154
          ],
          [
            0.4533622283429885,
            0.4315814361241501,
            0.11505633553286133
          ]
        ],
        [
          [
            0.3333428330881552,
            0.6666571669118448,
            0.0
          ],
          [
            0.29414237229250606,
            0.700008760816966,
            0.005848866890527971
          ],
          [
            0.2593875729001315,
            0.7179118503081591,
            0.022700576791709486
          ],
          [
            0.2328647312054137,
            0.7185569954929074,
            0.04857827330167892
          ],
          [
            0.2171505604770622,
            0.7023227065829761,
            0.08052673293996158
          ],
          [
            0.21327781975608812,
            0.6716658447110505,
            0.11505633553286138
          ]
        ]
      ]
    },
    {
      "config": {
        "resolution": 12,
        "epsilon": 0.2,
        "bandwidth": 0.08,
        "amplitude": 0.5,
        "t_final": 0.6,
        "dt": 0.12528656129226287,
        "steps": 5,
        "kick_cycles": 1.0
      },
      "geometry": {
        "geometry_id": "head_on_symmetric_pair",
        "packet_count": 2,
        "packet_centers": [
          [
            0.3,
            0.5
          ],
          [
            0.7,
            0.5
          ]
        ],
        "kick_vectors": [
          [
            1.0,
            0.0
          ],
          [
            -1.0,
            0.0
          ]
        ],
        "notes": "two identical packets launched directly toward each other"
      },
      "run": {
        "run_id": "S23_1_head_on_out_of_phase",
        "geometry_id": "head_on_symmetric_pair",
        "phase_id": "out_of_phase",
        "phase_offset_rad": 3.141592653589793,
        "resolution": 12,
        "graph_type": "regular_lattice",
        "notes": "head-on symmetric pair / out of phase"
      },
      "metrics": {
        "run_id": "S23_1_head_on_out_of_phase",
        "geometry_id": "head_on_symmetric_pair",
        "phase_id": "out_of_phase",
        "resolution": 12,
        "graph_type": "regular_lattice",
        "packet_count": 2,
        "collision_label": "deflective / glancing",
        "persistence_label": "no persistence gain",
        "composite_lifetime": 0.0,
        "binding_persistence": 0.0,
        "corridor_dwell": 0.0,
        "coarse_basin_persistence": 1.0,
        "minimum_separation": 0.39996867074534204,
        "final_mean_separation": 0.39996867074534204,
        "post_collision_separation_trend": 0.0,
        "encounter_dwell_time": 0.0,
        "deflection_angle_proxy": 1.46720089279139,
        "reflection_fraction": 0.5,
        "grade_transfer_amplitude": 0.16570635341033674,
        "omega0_weight_initial": 0.3333419941432236,
        "omega1_weight_initial": 0.6666580058567765,
        "omega2_weight_initial": 0.0,
        "omega0_weight_final": 0.3333217744686667,
        "omega1_weight_final": 0.549496030820356,
        "omega2_weight_final": 0.1171821947109772,
        "localized_circulation_proxy": 2.7311285580018764e-13,
        "new_collision_class": 1,
        "gate_met": 0,
        "promoted_followup": 0,
        "notes": "two identical packets launched directly toward each other"
      },
      "times": [
        0.0,
        0.12528656129226287,
        0.25057312258452574,
        0.3758596838767886,
        0.5011462451690515,
        0.6264328064613144
      ],
      "mean_pair_distances": [
        0.3999696941574251,
        0.39996965217877206,
        0.39996952677118564,
        0.3999693195117009,
        0.39996903299345543,
        0.39996867074534204
      ],
      "minimum_pair_distances": [
        0.3999696941574251,
        0.39996965217877206,
        0.39996952677118564,
        0.3999693195117009,
        0.39996903299345543,
        0.39996867074534204
      ],
      "total_grade_weights": [
        [
          0.3333419941432236,
          0.6666580058567765,
          0.0
        ],
        [
          0.3333405655027241,
          0.660739836054221,
          0.005919598443054762
        ],
        [
          0.333336643957899,
          0.6436719487350638,
          0.022991407307037172
        ],
        [
          0.33333123995038577,
          0.6174075695099273,
          0.049261190539687166
        ],
        [
          0.3333257794487039,
          0.5848663791192956,
          0.08180784143200037
        ],
        [
          0.3333217744686667,
          0.549496030820356,
          0.1171821947109772
        ]
      ],
      "total_centers": [
        [
          0.5,
          0.5
        ],
        [
          0.5000022876735895,
          0.5
        ],
        [
          0.5000045292780892,
          0.5
        ],
        [
          0.5000066883727383,
          0.5
        ],
        [
          0.5000087466715197,
          0.5
        ],
        [
          0.5000107102693778,
          0.5
        ]
      ],
      "per_packet_centers": [
        [
          [
            0.30001515292128733,
            0.5
          ],
          [
            0.3000156905279585,
            0.5000001847590088
          ],
          [
            0.30001626003578696,
            0.500000699822542
          ],
          [
            0.30001685351073815,
            0.5000014355997608
          ],
          [
            0.3000174672929379,
            0.5000022348741346
          ],
          [
            0.30001810315277133,
            0.5000029261552188
          ]
        ],
        [
          [
            0.6999848470787124,
            0.5
          ],
          [
            0.6999853427065599,
            0.49999981524099124
          ],
          [
            0.6999857868045236,
            0.49999930017745786
          ],
          [
            0.6999861730121335,
            0.49999856440023915
          ],
          [
            0.6999865002614181,
            0.49999776512586536
          ],
          [
            0.6999867738552981,
            0.4999970738447812
          ]
        ]
      ],
      "per_packet_grade_weights": [
        [
          [
            0.3333428330881552,
            0.6666571669118448,
            0.0
          ],
          [
            0.37253958677472215,
            0.6216115463347499,
            0.005848866890527973
          ],
          [
            0.40728444191156404,
            0.5700149812967266,
            0.022700576791709483
          ],
          [
            0.4337942639773282,
            0.5176274627209928,
            0.04857827330167889
          ],
          [
            0.44949649532583674,
            0.4699767717342016,
            0.08052673293996154
          ],
          [
            0.4533622283429885,
            0.4315814361241501,
            0.11505633553286133
          ]
        ],
        [
          [
            0.3333428330881552,
            0.6666571669118448,
            0.0
          ],
          [
            0.29414237229250606,
            0.7000087608169661,
            0.005848866890527973
          ],
          [
            0.25938757290013154,
            0.717911850308159,
            0.022700576791709486
          ],
          [
            0.23286473120541368,
            0.7185569954929075,
            0.048578273301678916
          ],
          [
            0.21715056047706222,
            0.7023227065829762,
            0.08052673293996157
          ],
          [
            0.21327781975608814,
            0.6716658447110505,
            0.11505633553286135
          ]
        ]
      ]
    },
    {
      "config": {
        "resolution": 12,
        "epsilon": 0.2,
        "bandwidth": 0.08,
        "amplitude": 0.5,
        "t_final": 0.6,
        "dt": 0.12528656129226287,
        "steps": 5,
        "kick_cycles": 1.0
      },
      "geometry": {
        "geometry_id": "counter_propagating_corridor_pair",
        "packet_count": 2,
        "packet_centers": [
          [
            0.35,
            0.5
          ],
          [
            0.65,
            0.5
          ]
        ],
        "kick_vectors": [
          [
            1.0,
            0.0
          ],
          [
            -1.0,
            0.0
          ]
        ],
        "notes": "corridor-like head-on geometry matching the late atlas control"
      },
      "run": {
        "run_id": "S23_1_corridor_in_phase",
        "geometry_id": "counter_propagating_corridor_pair",
        "phase_id": "in_phase",
        "phase_offset_rad": 0.0,
        "resolution": 12,
        "graph_type": "regular_lattice",
        "notes": "corridor pair / in phase"
      },
      "metrics": {
        "run_id": "S23_1_corridor_in_phase",
        "geometry_id": "counter_propagating_corridor_pair",
        "phase_id": "in_phase",
        "resolution": 12,
        "graph_type": "regular_lattice",
        "packet_count": 2,
        "collision_label": "deflective / glancing",
        "persistence_label": "no persistence gain",
        "composite_lifetime": 0.0,
        "binding_persistence": 0.0,
        "corridor_dwell": 0.7517193677535772,
        "coarse_basin_persistence": 1.0,
        "minimum_separation": 0.30004902610493955,
        "final_mean_separation": 0.3000506813588902,
        "post_collision_separation_trend": 1.6552539506275998e-06,
        "encounter_dwell_time": 0.0,
        "deflection_angle_proxy": 1.6743695986275773,
        "reflection_fraction": 0.5,
        "grade_transfer_amplitude": 0.14776211252063692,
        "omega0_weight_initial": 0.33340991636165723,
        "omega1_weight_initial": 0.6665900836383427,
        "omega2_weight_initial": 0.0,
        "omega0_weight_final": 0.3332224669118291,
        "omega1_weight_final": 0.5622003427081184,
        "omega2_weight_final": 0.10457719038005263,
        "localized_circulation_proxy": 7.147024650475182e-13,
        "new_collision_class": 1,
        "gate_met": 0,
        "promoted_followup": 0,
        "notes": "corridor-like head-on geometry matching the late atlas control"
      },
      "times": [
        0.0,
        0.12528656129226287,
        0.25057312258452574,
        0.3758596838767886,
        0.5011462451690515,
        0.6264328064613144
      ],
      "mean_pair_distances": [
        0.30004902610493955,
        0.3000490939922245,
        0.30004929680900105,
        0.3000496320234666,
        0.3000500954488488,
        0.3000506813588902
      ],
      "minimum_pair_distances": [
        0.30004902610493955,
        0.3000490939922245,
        0.30004929680900105,
        0.3000496320234666,
        0.3000500954488488,
        0.3000506813588902
      ],
      "total_grade_weights": [
        [
          0.33340991636165723,
          0.6665900836383427,
          0.0
        ],
        [
          0.3333959454888335,
          0.6612297489107171,
          0.005374305600449403
        ],
        [
          0.33335801497012374,
          0.6458116048413194,
          0.020830380188557082
        ],
        [
          0.333306910670047,
          0.6222179836326255,
          0.044475105697327655
        ],
        [
          0.33325708452873143,
          0.5932517904215318,
          0.07349112504973691
        ],
        [
          0.3332224669118291,
          0.5622003427081184,
          0.10457719038005263
        ]
      ],
      "total_centers": [
        [
          0.5,
          0.5
        ],
        [
          0.500000064554275,
          0.5
        ],
        [
          0.5000001334372659,
          0.5
        ],
        [
          0.5000002169117028,
          0.5
        ],
        [
          0.5000003344502116,
          0.5
        ],
        [
          0.5000005135515581,
          0.5
        ]
      ],
      "per_packet_centers": [
        [
          [
            0.3499754869475302,
            0.5
          ],
          [
            0.3499746174044214,
            0.49999970107861214
          ],
          [
            0.349973696276924,
            0.499998867757951
          ],
          [
            0.3499727363995777,
            0.49999767734517264
          ],
          [
            0.3499717436934393,
            0.499996384201443
          ],
          [
            0.34997071529669244,
            0.49999526578199127
          ]
        ],
        [
          [
            0.6500245130524698,
            0.5
          ],
          [
            0.6500237113960503,
            0.5000002989213879
          ],
          [
            0.65002299307738,
            0.500001132242049
          ],
          [
            0.6500223683870854,
            0.5000023226548274
          ],
          [
            0.6500218390551427,
            0.5000036157985568
          ],
          [
            0.6500213965061891,
            0.5000047342180087
          ]
        ]
      ],
      "per_packet_grade_weights": [
        [
          [
            0.3333985710271331,
            0.6666014289728669,
            0.0
          ],
          [
            0.3725837405886441,
            0.6215643221339344,
            0.005851937277421388
          ],
          [
            0.4073027375310421,
            0.5699851714244797,
            0.02271209104447818
          ],
          [
            0.43377817234633415,
            0.5176203356212425,
            0.048601492032423345
          ],
          [
            0.4494452492596188,
            0.46999277257957445,
            0.08056197816080683
          ],
          [
            0.45328296461485096,
            0.4316161494120696,
            0.11510088597307955
          ]
        ],
        [
          [
            0.33339857102713316,
            0.6666014289728669,
            0.0
          ],
          [
            0.2941930763405398,
            0.6999549863820387,
            0.005851937277421386
          ],
          [
            0.25941822558003325,
            0.7178696833754886,
            0.02271209104447818
          ],
          [
            0.2328654276132317,
            0.7185330803543448,
            0.04860149203242332
          ],
          [
            0.21711872734888882,
            0.7023192944903044,
            0.08056197816080682
          ],
          [
            0.21321861552995372,
            0.6716804984969668,
            0.11510088597307955
          ]
        ]
      ]
    },
    {
      "config": {
        "resolution": 12,
        "epsilon": 0.2,
        "bandwidth": 0.08,
        "amplitude": 0.5,
        "t_final": 0.6,
        "dt": 0.12528656129226287,
        "steps": 5,
        "kick_cycles": 1.0
      },
      "geometry": {
        "geometry_id": "counter_propagating_corridor_pair",
        "packet_count": 2,
        "packet_centers": [
          [
            0.35,
            0.5
          ],
          [
            0.65,
            0.5
          ]
        ],
        "kick_vectors": [
          [
            1.0,
            0.0
          ],
          [
            -1.0,
            0.0
          ]
        ],
        "notes": "corridor-like head-on geometry matching the late atlas control"
      },
      "run": {
        "run_id": "S23_1_corridor_out_of_phase",
        "geometry_id": "counter_propagating_corridor_pair",
        "phase_id": "out_of_phase",
        "phase_offset_rad": 3.141592653589793,
        "resolution": 12,
        "graph_type": "regular_lattice",
        "notes": "corridor pair / out of phase"
      },
      "metrics": {
        "run_id": "S23_1_corridor_out_of_phase",
        "geometry_id": "counter_propagating_corridor_pair",
        "phase_id": "out_of_phase",
        "resolution": 12,
        "graph_type": "regular_lattice",
        "packet_count": 2,
        "collision_label": "deflective / glancing",
        "persistence_label": "no persistence gain",
        "composite_lifetime": 0.0,
        "binding_persistence": 0.0,
        "corridor_dwell": 0.7517193677535772,
        "coarse_basin_persistence": 0.8333333333333334,
        "minimum_separation": 0.30004902610493955,
        "final_mean_separation": 0.3000506813588902,
        "post_collision_separation_trend": 1.6552539506275998e-06,
        "encounter_dwell_time": 0.0,
        "deflection_angle_proxy": 1.6743695986275773,
        "reflection_fraction": 0.5,
        "grade_transfer_amplitude": 0.17828903695844878,
        "omega0_weight_initial": 0.33338668893004714,
        "omega1_weight_initial": 0.6666133110699529,
        "omega2_weight_initial": 0.0,
        "omega0_weight_final": 0.3332804532386139,
        "omega1_weight_final": 0.5405970754420003,
        "omega2_weight_final": 0.12612247131938584,
        "localized_circulation_proxy": 7.147024650475182e-13,
        "new_collision_class": 1,
        "gate_met": 0,
        "promoted_followup": 0,
        "notes": "corridor-like head-on geometry matching the late atlas control"
      },
      "times": [
        0.0,
        0.12528656129226287,
        0.25057312258452574,
        0.3758596838767886,
        0.5011462451690515,
        0.6264328064613144
      ],
      "mean_pair_distances": [
        0.30004902610493955,
        0.3000490939922245,
        0.30004929680900105,
        0.3000496320234666,
        0.3000500954488488,
        0.3000506813588902
      ],
      "minimum_pair_distances": [
        0.30004902610493955,
        0.3000490939922245,
        0.30004929680900105,
        0.3000496320234666,
        0.3000500954488488,
        0.3000506813588902
      ],
      "total_grade_weights": [
        [
          0.33338668893004714,
          0.6666133110699529,
          0.0
        ],
        [
          0.3333805148539112,
          0.6602673188145949,
          0.006352166331493825
        ],
        [
          0.3333630648383222,
          0.6419541070683868,
          0.024682828093290917
        ],
        [
          0.33333739372216675,
          0.6137395031951793,
          0.05292310308265402
        ],
        [
          0.33330807030985155,
          0.5787245671426543,
          0.08796736254749415
        ],
        [
          0.3332804532386139,
          0.5405970754420003,
          0.12612247131938584
        ]
      ],
      "total_centers": [
        [
          0.5,
          0.5
        ],
        [
          0.49999748030735214,
          0.5
        ],
        [
          0.4999950039096024,
          0.5
        ],
        [
          0.49999259491808257,
          0.5
        ],
        [
          0.49999024464074915,
          0.5
        ],
        [
          0.4999879076175253,
          0.5
        ]
      ],
      "per_packet_centers": [
        [
          [
            0.3499754869475302,
            0.5
          ],
          [
            0.3499746174044214,
            0.49999970107861214
          ],
          [
            0.349973696276924,
            0.499998867757951
          ],
          [
            0.3499727363995777,
            0.49999767734517264
          ],
          [
            0.3499717436934393,
            0.499996384201443
          ],
          [
            0.34997071529669244,
            0.49999526578199127
          ]
        ],
        [
          [
            0.6500245130524698,
            0.5
          ],
          [
            0.6500237113960503,
            0.5000002989213879
          ],
          [
            0.65002299307738,
            0.500001132242049
          ],
          [
            0.6500223683870854,
            0.5000023226548274
          ],
          [
            0.6500218390551427,
            0.5000036157985568
          ],
          [
            0.6500213965061891,
            0.5000047342180087
          ]
        ]
      ],
      "per_packet_grade_weights": [
        [
          [
            0.3333985710271331,
            0.6666014289728669,
            0.0
          ],
          [
            0.3725837405886441,
            0.6215643221339344,
            0.005851937277421388
          ],
          [
            0.4073027375310421,
            0.5699851714244797,
            0.02271209104447818
          ],
          [
            0.43377817234633415,
            0.5176203356212425,
            0.048601492032423345
          ],
          [
            0.4494452492596188,
            0.46999277257957445,
            0.08056197816080683
          ],
          [
            0.45328296461485096,
            0.4316161494120696,
            0.11510088597307955
          ]
        ],
        [
          [
            0.3333985710271332,
            0.6666014289728669,
            0.0
          ],
          [
            0.2941930763405399,
            0.6999549863820387,
            0.005851937277421385
          ],
          [
            0.2594182255800333,
            0.7178696833754885,
            0.022712091044478175
          ],
          [
            0.23286542761323184,
            0.7185330803543449,
            0.048601492032423324
          ],
          [
            0.2171187273488889,
            0.7023192944903045,
            0.08056197816080679
          ],
          [
            0.21321861552995378,
            0.6716804984969666,
            0.1151008859730795
          ]
        ]
      ]
    },
    {
      "config": {
        "resolution": 12,
        "epsilon": 0.2,
        "bandwidth": 0.08,
        "amplitude": 0.5,
        "t_final": 0.6,
        "dt": 0.12528656129226287,
        "steps": 5,
        "kick_cycles": 1.0
      },
      "geometry": {
        "geometry_id": "offset_glancing_collision",
        "packet_count": 2,
        "packet_centers": [
          [
            0.3,
            0.46
          ],
          [
            0.7,
            0.54
          ]
        ],
        "kick_vectors": [
          [
            1.0,
            0.0
          ],
          [
            -1.0,
            0.0
          ]
        ],
        "notes": "small transverse offset for deflection and grade-transfer testing"
      },
      "run": {
        "run_id": "S23_1_glancing_in_phase",
        "geometry_id": "offset_glancing_collision",
        "phase_id": "in_phase",
        "phase_offset_rad": 0.0,
        "resolution": 12,
        "graph_type": "regular_lattice",
        "notes": "offset glancing collision / in phase"
      },
      "metrics": {
        "run_id": "S23_1_glancing_in_phase",
        "geometry_id": "offset_glancing_collision",
        "phase_id": "in_phase",
        "resolution": 12,
        "graph_type": "regular_lattice",
        "packet_count": 2,
        "collision_label": "deflective / glancing",
        "persistence_label": "no persistence gain",
        "composite_lifetime": 0.0,
        "binding_persistence": 0.0,
        "corridor_dwell": 0.0,
        "coarse_basin_persistence": 0.8333333333333334,
        "minimum_separation": 0.407887187912506,
        "final_mean_separation": 0.407887187912506,
        "post_collision_separation_trend": 0.0,
        "encounter_dwell_time": 0.0,
        "deflection_angle_proxy": 1.3377128384944192,
        "reflection_fraction": 0.5,
        "grade_transfer_amplitude": 0.1607857382668321,
        "omega0_weight_initial": 0.3332443442742844,
        "omega1_weight_initial": 0.6667556557257157,
        "omega2_weight_initial": 0.0,
        "omega0_weight_final": 0.3327227110077947,
        "omega1_weight_final": 0.5533246840052866,
        "omega2_weight_final": 0.1139526049869187,
        "localized_circulation_proxy": 3.021094678639489e-13,
        "new_collision_class": 1,
        "gate_met": 0,
        "promoted_followup": 0,
        "notes": "small transverse offset for deflection and grade-transfer testing"
      },
      "times": [
        0.0,
        0.12528656129226287,
        0.25057312258452574,
        0.3758596838767886,
        0.5011462451690515,
        0.6264328064613144
      ],
      "mean_pair_distances": [
        0.40789055800399276,
        0.40789036519620986,
        0.407889820548768,
        0.407889018178962,
        0.40788809229826556,
        0.407887187912506
      ],
      "minimum_pair_distances": [
        0.40789055800399276,
        0.40789036519620986,
        0.407889820548768,
        0.407889018178962,
        0.40788809229826556,
        0.407887187912506
      ],
      "total_grade_weights": [
        [
          0.3332443442742844,
          0.6667556557257157,
          0.0
        ],
        [
          0.33323840684272493,
          0.6609551423998874,
          0.005806450757387803
        ],
        [
          0.33321235906944324,
          0.6442576140926567,
          0.02253002683790007
        ],
        [
          0.3331426341901019,
          0.6186661364345759,
          0.04819122937532211
        ],
        [
          0.3329936198689841,
          0.5871758554671869,
          0.07983052466382899
        ],
        [
          0.3327227110077947,
          0.5533246840052866,
          0.1139526049869187
        ]
      ],
      "total_centers": [
        [
          0.5,
          0.5
        ],
        [
          0.5000026673288926,
          0.499999999793016
        ],
        [
          0.5000052804167445,
          0.499999998128984
        ],
        [
          0.5000078011544065,
          0.499999994502887
        ],
        [
          0.5000102199940277,
          0.49999998983748406
        ],
        [
          0.5000125617513205,
          0.49999998619466046
        ]
      ],
      "per_packet_centers": [
        [
          [
            0.3000151619516276,
            0.4600032329060404
          ],
          [
            0.30001573772107193,
            0.46000342289393803
          ],
          [
            0.30001640724658607,
            0.4600039535092324
          ],
          [
            0.30001713163942934,
            0.460004714761713
          ],
          [
            0.3000178693433455,
            0.4600055487888377
          ],
          [
            0.30001858609462473,
            0.46000628324234993
          ]
        ],
        [
          [
            0.6999848380483722,
            0.5399967670939596
          ],
          [
            0.6999852931863508,
            0.539996577106062
          ],
          [
            0.6999856195214055,
            0.5399960464907678
          ],
          [
            0.6999858301469873,
            0.539995285238287
          ],
          [
            0.6999859572303546,
            0.5399944512111623
          ],
          [
            0.699986045449517,
            0.5399937167576501
          ]
        ]
      ],
      "per_packet_grade_weights": [
        [
          [
            0.33324357661500137,
            0.6667564233849986,
            0.0
          ],
          [
            0.3724449309428822,
            0.621711668638871,
            0.005843400418246704
          ],
          [
            0.40722598419535666,
            0.5700938502648789,
            0.022680165539764322
          ],
          [
            0.43379549869715367,
            0.5176670772096104,
            0.048537424093236026
          ],
          [
            0.44956641603482606,
            0.4699681520526091,
            0.08046543191256486
          ],
          [
            0.453492701730463,
            0.4315271767286581,
            0.11498012154087889
          ]
        ],
        [
          [
            0.3332435766150014,
            0.6667564233849986,
            0.0
          ],
          [
            0.294069851147919,
            0.7000867484338342,
            0.005843400418246704
          ],
          [
            0.2593648333594607,
            0.717955001100775,
            0.02268016553976433
          ],
          [
            0.23290097946240085,
            0.7185615964443631,
            0.04853742409323606
          ],
          [
            0.21723947482522019,
            0.7022950932622148,
            0.08046543191256496
          ],
          [
            0.21339999779338356,
            0.6716198806657373,
            0.11498012154087904
          ]
        ]
      ]
    },
    {
      "config": {
        "resolution": 12,
        "epsilon": 0.2,
        "bandwidth": 0.08,
        "amplitude": 0.5,
        "t_final": 0.6,
        "dt": 0.12528656129226287,
        "steps": 5,
        "kick_cycles": 1.0
      },
      "geometry": {
        "geometry_id": "offset_glancing_collision",
        "packet_count": 2,
        "packet_centers": [
          [
            0.3,
            0.46
          ],
          [
            0.7,
            0.54
          ]
        ],
        "kick_vectors": [
          [
            1.0,
            0.0
          ],
          [
            -1.0,
            0.0
          ]
        ],
        "notes": "small transverse offset for deflection and grade-transfer testing"
      },
      "run": {
        "run_id": "S23_1_glancing_out_of_phase",
        "geometry_id": "offset_glancing_collision",
        "phase_id": "out_of_phase",
        "phase_offset_rad": 3.141592653589793,
        "resolution": 12,
        "graph_type": "regular_lattice",
        "notes": "offset glancing collision / out of phase"
      },
      "metrics": {
        "run_id": "S23_1_glancing_out_of_phase",
        "geometry_id": "offset_glancing_collision",
        "phase_id": "out_of_phase",
        "resolution": 12,
        "graph_type": "regular_lattice",
        "packet_count": 2,
        "collision_label": "deflective / glancing",
        "persistence_label": "no persistence gain",
        "composite_lifetime": 0.0,
        "binding_persistence": 0.0,
        "corridor_dwell": 0.0,
        "coarse_basin_persistence": 1.0,
        "minimum_separation": 0.407887187912506,
        "final_mean_separation": 0.407887187912506,
        "post_collision_separation_trend": 0.0,
        "encounter_dwell_time": 0.0,
        "deflection_angle_proxy": 1.3377128384944192,
        "reflection_fraction": 0.5,
        "grade_transfer_amplitude": 0.16472372051185116,
        "omega0_weight_initial": 0.33324280715822713,
        "omega1_weight_initial": 0.6667571928417728,
        "omega2_weight_initial": 0.0,
        "omega0_weight_final": 0.3341716829323242,
        "omega1_weight_final": 0.5498182730199227,
        "omega2_weight_final": 0.1160100440477533,
        "localized_circulation_proxy": 3.021094678639489e-13,
        "new_collision_class": 1,
        "gate_met": 0,
        "promoted_followup": 0,
        "notes": "small transverse offset for deflection and grade-transfer testing"
      },
      "times": [
        0.0,
        0.12528656129226287,
        0.25057312258452574,
        0.3758596838767886,
        0.5011462451690515,
        0.6264328064613144
      ],
      "mean_pair_distances": [
        0.40789055800399276,
        0.40789036519620986,
        0.407889820548768,
        0.4078890181789619,
        0.40788809229826556,
        0.407887187912506
      ],
      "minimum_pair_distances": [
        0.40789055800399276,
        0.40789036519620986,
        0.407889820548768,
        0.4078890181789619,
        0.40788809229826556,
        0.407887187912506
      ],
      "total_grade_weights": [
        [
          0.33324280715822713,
          0.6667571928417728,
          0.0
        ],
        [
          0.33327641970001015,
          0.6608431437024296,
          0.005880436597560105
        ],
        [
          0.3333786529481165,
          0.643790691257138,
          0.02283065579474551
        ],
        [
          0.33355432539788454,
          0.617561245168317,
          0.04888442943379849
        ],
        [
          0.33381322943598696,
          0.5850849447532375,
          0.08110182581077556
        ],
        [
          0.3341716829323242,
          0.5498182730199227,
          0.1160100440477533
        ]
      ],
      "total_centers": [
        [
          0.5,
          0.5
        ],
        [
          0.5000023332416521,
          0.5000000002074845
        ],
        [
          0.5000046105532924,
          0.5000000018755304
        ],
        [
          0.500006789515687,
          0.5000000055102807
        ],
        [
          0.5000088521406121,
          0.5000000101863826
        ],
        [
          0.5000108110461468,
          0.5000000138363372
        ]
      ],
      "per_packet_centers": [
        [
          [
            0.3000151619516276,
            0.4600032329060404
          ],
          [
            0.30001573772107193,
            0.46000342289393803
          ],
          [
            0.30001640724658607,
            0.4600039535092324
          ],
          [
            0.30001713163942934,
            0.460004714761713
          ],
          [
            0.3000178693433455,
            0.4600055487888377
          ],
          [
            0.30001858609462473,
            0.46000628324234993
          ]
        ],
        [
          [
            0.6999848380483722,
            0.5399967670939596
          ],
          [
            0.6999852931863508,
            0.539996577106062
          ],
          [
            0.6999856195214055,
            0.5399960464907678
          ],
          [
            0.6999858301469872,
            0.539995285238287
          ],
          [
            0.6999859572303546,
            0.5399944512111623
          ],
          [
            0.699986045449517,
            0.5399937167576501
          ]
        ]
      ],
      "per_packet_grade_weights": [
        [
          [
            0.33324357661500137,
            0.6667564233849986,
            0.0
          ],
          [
            0.3724449309428822,
